20
0.0     700.0   1400.0  2100.0  2800.0  2886.0  3569.0  4257.0  4949.0  5643.0  3130.0  1400.0  1565.0  1979.0  2523.0  2213.0  3769.0  4427.0  5096.0  5772.0
700.0   0.0     700.0   1400.0  2100.0  2213.0  2886.0  3569.0  4257.0  4949.0  2523.0  1565.0  1400.0  1565.0  1979.0  1565.0  3130.0  3769.0  4427.0  5096.0
1400.0  700.0   0.0     700.0   1400.0  1565.0  2213.0  2886.0  3569.0  4257.0  1979.0  1979.0  1565.0  1400.0  1565.0  989.0   2523.0  3130.0  3769.0  4427.0
2100.0  1400.0  700.0   0.0     700.0   989.0   1565.0  2213.0  2886.0  3569.0  1565.0  2523.0  1979.0  1565.0  1400.0  700.0   1979.0  2523.0  3130.0  3769.0
2800.0  2100.0  1400.0  700.0   0.0     700.0   989.0   1565.0  2213.0  2886.0  1400.0  3130.0  2523.0  1979.0  1565.0  989.0   1565.0  1979.0  2523.0  3130.0
2886.0  2213.0  1565.0  989.0   700.0   0.0     700.0   1400.0  2100.0  2800.0  700.0   2886.0  2213.0  1565.0  989.0   700.0   989.0   1565.0  2213.0  2886.0
3569.0  2886.0  2213.0  1565.0  989.0   700.0   0.0     700.0   1400.0  2100.0  989.0   3569.0  2886.0  2213.0  1565.0  1400.0  700.0   989.0   1565.0  2213.0
4257.0  3569.0  2886.0  2213.0  1565.0  1400.0  700.0   0.0     700.0   1400.0  1565.0  4257.0  3569.0  2886.0  2213.0  2100.0  989.0   700.0   989.0   1565.0
4949.0  4257.0  3569.0  2886.0  2213.0  2100.0  1400.0  700.0   0.0     700.0   2213.0  4949.0  4257.0  3569.0  2886.0  2800.0  1565.0  989.0   700.0   989.0
5643.0  4949.0  4257.0  3569.0  2886.0  2800.0  2100.0  1400.0  700.0   0.0     2886.0  5643.0  4949.0  4257.0  3569.0  3500.0  2213.0  1565.0  989.0   700.0
3130.0  2523.0  1979.0  1565.0  1400.0  700.0   989.0   1565.0  2213.0  2886.0  0.0     2800.0  2100.0  1400.0  700.0   989.0   700.0   1400.0  2100.0  2800.0
1400.0  1565.0  1979.0  2523.0  3130.0  2886.0  3569.0  4257.0  4949.0  5643.0  2800.0  0.0     700.0   1400.0  2100.0  2213.0  3500.0  4200.0  4900.0  5600.0
1565.0  1400.0  1565.0  1979.0  2523.0  2213.0  2886.0  3569.0  4257.0  4949.0  2100.0  700.0   0.0     700.0   1400.0  1565.0  2800.0  3500.0  4200.0  4900.0
1979.0  1565.0  1400.0  1565.0  1979.0  1565.0  2213.0  2886.0  3569.0  4257.0  1400.0  1400.0  700.0   0.0     700.0   989.0   2100.0  2800.0  3500.0  4200.0
2523.0  1979.0  1565.0  1400.0  1565.0  989.0   1565.0  2213.0  2886.0  3569.0  700.0   2100.0  1400.0  700.0   0.0     700.0   1400.0  2100.0  2800.0  3500.0
2213.0  1565.0  989.0   700.0   989.0   700.0   1400.0  2100.0  2800.0  3500.0  989.0   2213.0  1565.0  989.0   700.0   0.0     1565.0  2213.0  2886.0  3569.0
3769.0  3130.0  2523.0  1979.0  1565.0  989.0   700.0   989.0   1565.0  2213.0  700.0   3500.0  2800.0  2100.0  1400.0  1565.0  0.0     700.0   1400.0  2100.0
4427.0  3769.0  3130.0  2523.0  1979.0  1565.0  989.0   700.0   989.0   1565.0  1400.0  4200.0  3500.0  2800.0  2100.0  2213.0  700.0   0.0     700.0   1400.0
5096.0  4427.0  3769.0  3130.0  2523.0  2213.0  1565.0  989.0   700.0   989.0   2100.0  4900.0  4200.0  3500.0  2800.0  2886.0  1400.0  700.0   0.0     700.0
5772.0  5096.0  4427.0  3769.0  3130.0  2886.0  2213.0  1565.0  989.0   700.0   2800.0  5600.0  4900.0  4200.0  3500.0  3569.0  2100.0  1400.0  700.0   0.0
